=== 基本优化结果 ===

每斗管上开启的农管数量: 2
每支管上开启的斗管数量: 6
完成灌溉预计时间: 9.60 天
最佳适应度: 8.6895

=== 基础水力计算结果 ===

最远端滴灌带所需水头: 19.134 m
最远端滴灌带所需压力: 0.188 MPa
滴灌带水头: 10.000 m
单条农管入口所需水头: 15.356 m
农管雷诺数: 266941.299 
农管沿程阻力系数: 5.356 
农管水头损失: 5.356 m
农管轮灌最大流量: 0.019 m³/s
农管轮灌最大流速: 2.978 m/s
斗管雷诺数: 300308.962 
斗管沿程阻力系数: 0.014 
斗管水头损失: 3.778 m
斗管轮灌最大流量: 0.038 m³/s
斗管第一段轮灌最大流速: 1.884 m/s
斗管第二段轮灌最大流速: 2.461 m/s

=== 轮灌组详细结果 ===

轮灌组 1
活跃节点: [1, 2, 32]
支管数量: 6

  管段编号      距起点(m)      管径(mm)     起点水头(m)      终点水头(m)      流量(m³/s)    流速(m/s)     水头损失(m)       节点状态   
==============================================================================================================
   0         0.0         500        51.36        50.85       0.227333      1.16        0.51        非活跃    
   1        300.0        500        50.85        50.35       0.227333      1.16        0.51         活跃    
   2        600.0        500        50.35        50.11       0.151556      0.77        0.24         活跃    
   3        900.0        500        50.11        50.04       0.075778      0.39        0.07        非活跃    
   4        1200.0       500        50.04        49.97       0.075778      0.39        0.07        非活跃    
   5        1500.0       500        49.97        49.90       0.075778      0.39        0.07        非活跃    
   6        1800.0       500        49.90        49.83       0.075778      0.39        0.07        非活跃    
   7        2100.0       500        49.83        49.76       0.075778      0.39        0.07        非活跃    
   8        2400.0       400        49.76        49.56       0.075778      0.60        0.20        非活跃    
   9        2700.0       400        49.56        49.36       0.075778      0.60        0.20        非活跃    
   10       3000.0       400        49.36        49.16       0.075778      0.60        0.20        非活跃    
   11       3300.0       400        49.16        48.96       0.075778      0.60        0.20        非活跃    
   12       3600.0       400        48.96        48.76       0.075778      0.60        0.20        非活跃    
   13       3900.0       400        48.76        48.56       0.075778      0.60        0.20        非活跃    
   14       4200.0       400        48.56        48.36       0.075778      0.60        0.20        非活跃    
   15       4500.0       400        48.36        48.15       0.075778      0.60        0.20        非活跃    
   16       4800.0       400        48.15        47.95       0.075778      0.60        0.20        非活跃    
   17       5100.0       400        47.95        47.75       0.075778      0.60        0.20        非活跃    
   18       5400.0       400        47.75        47.55       0.075778      0.60        0.20        非活跃    
   19       5700.0       400        47.55        47.35       0.075778      0.60        0.20        非活跃    
   20       6000.0       400        47.35        47.15       0.075778      0.60        0.20        非活跃    
   21       6300.0       400        47.15        46.95       0.075778      0.60        0.20        非活跃    
   22       6600.0       400        46.95        46.75       0.075778      0.60        0.20        非活跃    
   23       6900.0       400        46.75        46.55       0.075778      0.60        0.20        非活跃    
   24       7200.0       400        46.55        46.35       0.075778      0.60        0.20        非活跃    
   25       7500.0       400        46.35        46.14       0.075778      0.60        0.20        非活跃    
   26       7800.0       400        46.14        45.94       0.075778      0.60        0.20        非活跃    
   27       8100.0       400        45.94        45.74       0.075778      0.60        0.20        非活跃    
   28       8400.0       400        45.74        45.54       0.075778      0.60        0.20        非活跃    
   29       8700.0       400        45.54        45.34       0.075778      0.60        0.20        非活跃    
   30       9000.0       400        45.34        45.14       0.075778      0.60        0.20        非活跃    
   31       9300.0       400        45.14        44.94       0.075778      0.60        0.20        非活跃    

轮灌组 2
活跃节点: [3, 4, 31]
支管数量: 6

  管段编号      距起点(m)      管径(mm)     起点水头(m)      终点水头(m)      流量(m³/s)    流速(m/s)     水头损失(m)       节点状态   
==============================================================================================================
   0         0.0         500        51.36        50.85       0.227333      1.16        0.51        非活跃    
   1        300.0        500        50.85        50.35       0.227333      1.16        0.51        非活跃    
   2        600.0        500        50.35        49.84       0.227333      1.16        0.51        非活跃    
   3        900.0        500        49.84        49.34       0.227333      1.16        0.51         活跃    
   4        1200.0       500        49.34        49.09       0.151556      0.77        0.24         活跃    
   5        1500.0       500        49.09        49.02       0.075778      0.39        0.07        非活跃    
   6        1800.0       500        49.02        48.96       0.075778      0.39        0.07        非活跃    
   7        2100.0       500        48.96        48.89       0.075778      0.39        0.07        非活跃    
   8        2400.0       400        48.89        48.69       0.075778      0.60        0.20        非活跃    
   9        2700.0       400        48.69        48.49       0.075778      0.60        0.20        非活跃    
   10       3000.0       400        48.49        48.28       0.075778      0.60        0.20        非活跃    
   11       3300.0       400        48.28        48.08       0.075778      0.60        0.20        非活跃    
   12       3600.0       400        48.08        47.88       0.075778      0.60        0.20        非活跃    
   13       3900.0       400        47.88        47.68       0.075778      0.60        0.20        非活跃    
   14       4200.0       400        47.68        47.48       0.075778      0.60        0.20        非活跃    
   15       4500.0       400        47.48        47.28       0.075778      0.60        0.20        非活跃    
   16       4800.0       400        47.28        47.08       0.075778      0.60        0.20        非活跃    
   17       5100.0       400        47.08        46.88       0.075778      0.60        0.20        非活跃    
   18       5400.0       400        46.88        46.68       0.075778      0.60        0.20        非活跃    
   19       5700.0       400        46.68        46.48       0.075778      0.60        0.20        非活跃    
   20       6000.0       400        46.48        46.27       0.075778      0.60        0.20        非活跃    
   21       6300.0       400        46.27        46.07       0.075778      0.60        0.20        非活跃    
   22       6600.0       400        46.07        45.87       0.075778      0.60        0.20        非活跃    
   23       6900.0       400        45.87        45.67       0.075778      0.60        0.20        非活跃    
   24       7200.0       400        45.67        45.47       0.075778      0.60        0.20        非活跃    
   25       7500.0       400        45.47        45.27       0.075778      0.60        0.20        非活跃    
   26       7800.0       400        45.27        45.07       0.075778      0.60        0.20        非活跃    
   27       8100.0       400        45.07        44.87       0.075778      0.60        0.20        非活跃    
   28       8400.0       400        44.87        44.67       0.075778      0.60        0.20        非活跃    
   29       8700.0       400        44.67        44.47       0.075778      0.60        0.20        非活跃    
   30       9000.0       400        44.47        44.26       0.075778      0.60        0.20        非活跃    
   31       9300.0       400        44.26        44.06       0.075778      0.60        0.20         活跃    

轮灌组 3
活跃节点: [5, 6, 30]
支管数量: 6

  管段编号      距起点(m)      管径(mm)     起点水头(m)      终点水头(m)      流量(m³/s)    流速(m/s)     水头损失(m)       节点状态   
==============================================================================================================
   0         0.0         500        51.36        50.85       0.227333      1.16        0.51        非活跃    
   1        300.0        500        50.85        50.35       0.227333      1.16        0.51        非活跃    
   2        600.0        500        50.35        49.84       0.227333      1.16        0.51        非活跃    
   3        900.0        500        49.84        49.34       0.227333      1.16        0.51        非活跃    
   4        1200.0       500        49.34        48.83       0.227333      1.16        0.51        非活跃    
   5        1500.0       500        48.83        48.32       0.227333      1.16        0.51         活跃    
   6        1800.0       500        48.32        48.08       0.151556      0.77        0.24         活跃    
   7        2100.0       500        48.08        48.01       0.075778      0.39        0.07        非活跃    
   8        2400.0       400        48.01        47.81       0.075778      0.60        0.20        非活跃    
   9        2700.0       400        47.81        47.61       0.075778      0.60        0.20        非活跃    
   10       3000.0       400        47.61        47.41       0.075778      0.60        0.20        非活跃    
   11       3300.0       400        47.41        47.21       0.075778      0.60        0.20        非活跃    
   12       3600.0       400        47.21        47.01       0.075778      0.60        0.20        非活跃    
   13       3900.0       400        47.01        46.81       0.075778      0.60        0.20        非活跃    
   14       4200.0       400        46.81        46.61       0.075778      0.60        0.20        非活跃    
   15       4500.0       400        46.61        46.40       0.075778      0.60        0.20        非活跃    
   16       4800.0       400        46.40        46.20       0.075778      0.60        0.20        非活跃    
   17       5100.0       400        46.20        46.00       0.075778      0.60        0.20        非活跃    
   18       5400.0       400        46.00        45.80       0.075778      0.60        0.20        非活跃    
   19       5700.0       400        45.80        45.60       0.075778      0.60        0.20        非活跃    
   20       6000.0       400        45.60        45.40       0.075778      0.60        0.20        非活跃    
   21       6300.0       400        45.40        45.20       0.075778      0.60        0.20        非活跃    
   22       6600.0       400        45.20        45.00       0.075778      0.60        0.20        非活跃    
   23       6900.0       400        45.00        44.80       0.075778      0.60        0.20        非活跃    
   24       7200.0       400        44.80        44.60       0.075778      0.60        0.20        非活跃    
   25       7500.0       400        44.60        44.39       0.075778      0.60        0.20        非活跃    
   26       7800.0       400        44.39        44.19       0.075778      0.60        0.20        非活跃    
   27       8100.0       400        44.19        43.99       0.075778      0.60        0.20        非活跃    
   28       8400.0       400        43.99        43.79       0.075778      0.60        0.20        非活跃    
   29       8700.0       400        43.79        43.59       0.075778      0.60        0.20        非活跃    
   30       9000.0       400        43.59        43.39       0.075778      0.60        0.20         活跃    
   31       9300.0       400        43.39        43.39       0.000000      0.00        0.00        非活跃    

轮灌组 4
活跃节点: [7, 8, 29]
支管数量: 6

  管段编号      距起点(m)      管径(mm)     起点水头(m)      终点水头(m)      流量(m³/s)    流速(m/s)     水头损失(m)       节点状态   
==============================================================================================================
   0         0.0         500        51.36        50.85       0.227333      1.16        0.51        非活跃    
   1        300.0        500        50.85        50.35       0.227333      1.16        0.51        非活跃    
   2        600.0        500        50.35        49.84       0.227333      1.16        0.51        非活跃    
   3        900.0        500        49.84        49.34       0.227333      1.16        0.51        非活跃    
   4        1200.0       500        49.34        48.83       0.227333      1.16        0.51        非活跃    
   5        1500.0       500        48.83        48.32       0.227333      1.16        0.51        非活跃    
   6        1800.0       500        48.32        47.82       0.227333      1.16        0.51        非活跃    
   7        2100.0       500        47.82        47.31       0.227333      1.16        0.51         活跃    
   8        2400.0       400        47.31        46.60       0.151556      1.21        0.71         活跃    
   9        2700.0       400        46.60        46.40       0.075778      0.60        0.20        非活跃    
   10       3000.0       400        46.40        46.20       0.075778      0.60        0.20        非活跃    
   11       3300.0       400        46.20        46.00       0.075778      0.60        0.20        非活跃    
   12       3600.0       400        46.00        45.80       0.075778      0.60        0.20        非活跃    
   13       3900.0       400        45.80        45.60       0.075778      0.60        0.20        非活跃    
   14       4200.0       400        45.60        45.40       0.075778      0.60        0.20        非活跃    
   15       4500.0       400        45.40        45.19       0.075778      0.60        0.20        非活跃    
   16       4800.0       400        45.19        44.99       0.075778      0.60        0.20        非活跃    
   17       5100.0       400        44.99        44.79       0.075778      0.60        0.20        非活跃    
   18       5400.0       400        44.79        44.59       0.075778      0.60        0.20        非活跃    
   19       5700.0       400        44.59        44.39       0.075778      0.60        0.20        非活跃    
   20       6000.0       400        44.39        44.19       0.075778      0.60        0.20        非活跃    
   21       6300.0       400        44.19        43.99       0.075778      0.60        0.20        非活跃    
   22       6600.0       400        43.99        43.79       0.075778      0.60        0.20        非活跃    
   23       6900.0       400        43.79        43.59       0.075778      0.60        0.20        非活跃    
   24       7200.0       400        43.59        43.39       0.075778      0.60        0.20        非活跃    
   25       7500.0       400        43.39        43.18       0.075778      0.60        0.20        非活跃    
   26       7800.0       400        43.18        42.98       0.075778      0.60        0.20        非活跃    
   27       8100.0       400        42.98        42.78       0.075778      0.60        0.20        非活跃    
   28       8400.0       400        42.78        42.58       0.075778      0.60        0.20        非活跃    
   29       8700.0       400        42.58        42.38       0.075778      0.60        0.20         活跃    
   30       9000.0       400        42.38        42.38       0.000000      0.00        0.00        非活跃    
   31       9300.0       400        42.38        42.38       0.000000      0.00        0.00        非活跃    

轮灌组 5
活跃节点: [9, 10, 28]
支管数量: 6

  管段编号      距起点(m)      管径(mm)     起点水头(m)      终点水头(m)      流量(m³/s)    流速(m/s)     水头损失(m)       节点状态   
==============================================================================================================
   0         0.0         500        51.36        50.85       0.227333      1.16        0.51        非活跃    
   1        300.0        500        50.85        50.35       0.227333      1.16        0.51        非活跃    
   2        600.0        500        50.35        49.84       0.227333      1.16        0.51        非活跃    
   3        900.0        500        49.84        49.34       0.227333      1.16        0.51        非活跃    
   4        1200.0       500        49.34        48.83       0.227333      1.16        0.51        非活跃    
   5        1500.0       500        48.83        48.32       0.227333      1.16        0.51        非活跃    
   6        1800.0       500        48.32        47.82       0.227333      1.16        0.51        非活跃    
   7        2100.0       500        47.82        47.31       0.227333      1.16        0.51        非活跃    
   8        2400.0       400        47.31        45.82       0.227333      1.81        1.49        非活跃    
   9        2700.0       400        45.82        44.33       0.227333      1.81        1.49         活跃    
   10       3000.0       400        44.33        43.63       0.151556      1.21        0.71         活跃    
   11       3300.0       400        43.63        43.42       0.075778      0.60        0.20        非活跃    
   12       3600.0       400        43.42        43.22       0.075778      0.60        0.20        非活跃    
   13       3900.0       400        43.22        43.02       0.075778      0.60        0.20        非活跃    
   14       4200.0       400        43.02        42.82       0.075778      0.60        0.20        非活跃    
   15       4500.0       400        42.82        42.62       0.075778      0.60        0.20        非活跃    
   16       4800.0       400        42.62        42.42       0.075778      0.60        0.20        非活跃    
   17       5100.0       400        42.42        42.22       0.075778      0.60        0.20        非活跃    
   18       5400.0       400        42.22        42.02       0.075778      0.60        0.20        非活跃    
   19       5700.0       400        42.02        41.82       0.075778      0.60        0.20        非活跃    
   20       6000.0       400        41.82        41.62       0.075778      0.60        0.20        非活跃    
   21       6300.0       400        41.62        41.42       0.075778      0.60        0.20        非活跃    
   22       6600.0       400        41.42        41.21       0.075778      0.60        0.20        非活跃    
   23       6900.0       400        41.21        41.01       0.075778      0.60        0.20        非活跃    
   24       7200.0       400        41.01        40.81       0.075778      0.60        0.20        非活跃    
   25       7500.0       400        40.81        40.61       0.075778      0.60        0.20        非活跃    
   26       7800.0       400        40.61        40.41       0.075778      0.60        0.20        非活跃    
   27       8100.0       400        40.41        40.21       0.075778      0.60        0.20        非活跃    
   28       8400.0       400        40.21        40.01       0.075778      0.60        0.20         活跃    
   29       8700.0       400        40.01        40.01       0.000000      0.00        0.00        非活跃    
   30       9000.0       400        40.01        40.01       0.000000      0.00        0.00        非活跃    
   31       9300.0       400        40.01        40.01       0.000000      0.00        0.00        非活跃    

轮灌组 6
活跃节点: [11, 12, 27]
支管数量: 6

  管段编号      距起点(m)      管径(mm)     起点水头(m)      终点水头(m)      流量(m³/s)    流速(m/s)     水头损失(m)       节点状态   
==============================================================================================================
   0         0.0         500        51.36        50.85       0.227333      1.16        0.51        非活跃    
   1        300.0        500        50.85        50.35       0.227333      1.16        0.51        非活跃    
   2        600.0        500        50.35        49.84       0.227333      1.16        0.51        非活跃    
   3        900.0        500        49.84        49.34       0.227333      1.16        0.51        非活跃    
   4        1200.0       500        49.34        48.83       0.227333      1.16        0.51        非活跃    
   5        1500.0       500        48.83        48.32       0.227333      1.16        0.51        非活跃    
   6        1800.0       500        48.32        47.82       0.227333      1.16        0.51        非活跃    
   7        2100.0       500        47.82        47.31       0.227333      1.16        0.51        非活跃    
   8        2400.0       400        47.31        45.82       0.227333      1.81        1.49        非活跃    
   9        2700.0       400        45.82        44.33       0.227333      1.81        1.49        非活跃    
   10       3000.0       400        44.33        42.85       0.227333      1.81        1.49        非活跃    
   11       3300.0       400        42.85        41.36       0.227333      1.81        1.49         活跃    
   12       3600.0       400        41.36        40.65       0.151556      1.21        0.71         活跃    
   13       3900.0       400        40.65        40.45       0.075778      0.60        0.20        非活跃    
   14       4200.0       400        40.45        40.25       0.075778      0.60        0.20        非活跃    
   15       4500.0       400        40.25        40.05       0.075778      0.60        0.20        非活跃    
   16       4800.0       400        40.05        39.85       0.075778      0.60        0.20        非活跃    
   17       5100.0       400        39.85        39.65       0.075778      0.60        0.20        非活跃    
   18       5400.0       400        39.65        39.44       0.075778      0.60        0.20        非活跃    
   19       5700.0       400        39.44        39.24       0.075778      0.60        0.20        非活跃    
   20       6000.0       400        39.24        39.04       0.075778      0.60        0.20        非活跃    
   21       6300.0       400        39.04        38.84       0.075778      0.60        0.20        非活跃    
   22       6600.0       400        38.84        38.64       0.075778      0.60        0.20        非活跃    
   23       6900.0       400        38.64        38.44       0.075778      0.60        0.20        非活跃    
   24       7200.0       400        38.44        38.24       0.075778      0.60        0.20        非活跃    
   25       7500.0       400        38.24        38.04       0.075778      0.60        0.20        非活跃    
   26       7800.0       400        38.04        37.84       0.075778      0.60        0.20        非活跃    
   27       8100.0       400        37.84        37.64       0.075778      0.60        0.20         活跃    
   28       8400.0       400        37.64        37.64       0.000000      0.00        0.00        非活跃    
   29       8700.0       400        37.64        37.64       0.000000      0.00        0.00        非活跃    
   30       9000.0       400        37.64        37.64       0.000000      0.00        0.00        非活跃    
   31       9300.0       400        37.64        37.64       0.000000      0.00        0.00        非活跃    

轮灌组 7
活跃节点: [13, 14, 26]
支管数量: 6

  管段编号      距起点(m)      管径(mm)     起点水头(m)      终点水头(m)      流量(m³/s)    流速(m/s)     水头损失(m)       节点状态   
==============================================================================================================
   0         0.0         500        51.36        50.85       0.227333      1.16        0.51        非活跃    
   1        300.0        500        50.85        50.35       0.227333      1.16        0.51        非活跃    
   2        600.0        500        50.35        49.84       0.227333      1.16        0.51        非活跃    
   3        900.0        500        49.84        49.34       0.227333      1.16        0.51        非活跃    
   4        1200.0       500        49.34        48.83       0.227333      1.16        0.51        非活跃    
   5        1500.0       500        48.83        48.32       0.227333      1.16        0.51        非活跃    
   6        1800.0       500        48.32        47.82       0.227333      1.16        0.51        非活跃    
   7        2100.0       500        47.82        47.31       0.227333      1.16        0.51        非活跃    
   8        2400.0       400        47.31        45.82       0.227333      1.81        1.49        非活跃    
   9        2700.0       400        45.82        44.33       0.227333      1.81        1.49        非活跃    
   10       3000.0       400        44.33        42.85       0.227333      1.81        1.49        非活跃    
   11       3300.0       400        42.85        41.36       0.227333      1.81        1.49        非活跃    
   12       3600.0       400        41.36        39.87       0.227333      1.81        1.49        非活跃    
   13       3900.0       400        39.87        38.38       0.227333      1.81        1.49         活跃    
   14       4200.0       400        38.38        37.68       0.151556      1.21        0.71         活跃    
   15       4500.0       400        37.68        37.47       0.075778      0.60        0.20        非活跃    
   16       4800.0       400        37.47        37.27       0.075778      0.60        0.20        非活跃    
   17       5100.0       400        37.27        37.07       0.075778      0.60        0.20        非活跃    
   18       5400.0       400        37.07        36.87       0.075778      0.60        0.20        非活跃    
   19       5700.0       400        36.87        36.67       0.075778      0.60        0.20        非活跃    
   20       6000.0       400        36.67        36.47       0.075778      0.60        0.20        非活跃    
   21       6300.0       400        36.47        36.27       0.075778      0.60        0.20        非活跃    
   22       6600.0       400        36.27        36.07       0.075778      0.60        0.20        非活跃    
   23       6900.0       400        36.07        35.87       0.075778      0.60        0.20        非活跃    
   24       7200.0       400        35.87        35.67       0.075778      0.60        0.20        非活跃    
   25       7500.0       400        35.67        35.46       0.075778      0.60        0.20        非活跃    
   26       7800.0       400        35.46        35.26       0.075778      0.60        0.20         活跃    
   27       8100.0       400        35.26        35.26       0.000000      0.00        0.00        非活跃    
   28       8400.0       400        35.26        35.26       0.000000      0.00        0.00        非活跃    
   29       8700.0       400        35.26        35.26       0.000000      0.00        0.00        非活跃    
   30       9000.0       400        35.26        35.26       0.000000      0.00        0.00        非活跃    
   31       9300.0       400        35.26        35.26       0.000000      0.00        0.00        非活跃    

轮灌组 8
活跃节点: [15, 16, 25]
支管数量: 6

  管段编号      距起点(m)      管径(mm)     起点水头(m)      终点水头(m)      流量(m³/s)    流速(m/s)     水头损失(m)       节点状态   
==============================================================================================================
   0         0.0         500        51.36        50.85       0.227333      1.16        0.51        非活跃    
   1        300.0        500        50.85        50.35       0.227333      1.16        0.51        非活跃    
   2        600.0        500        50.35        49.84       0.227333      1.16        0.51        非活跃    
   3        900.0        500        49.84        49.34       0.227333      1.16        0.51        非活跃    
   4        1200.0       500        49.34        48.83       0.227333      1.16        0.51        非活跃    
   5        1500.0       500        48.83        48.32       0.227333      1.16        0.51        非活跃    
   6        1800.0       500        48.32        47.82       0.227333      1.16        0.51        非活跃    
   7        2100.0       500        47.82        47.31       0.227333      1.16        0.51        非活跃    
   8        2400.0       400        47.31        45.82       0.227333      1.81        1.49        非活跃    
   9        2700.0       400        45.82        44.33       0.227333      1.81        1.49        非活跃    
   10       3000.0       400        44.33        42.85       0.227333      1.81        1.49        非活跃    
   11       3300.0       400        42.85        41.36       0.227333      1.81        1.49        非活跃    
   12       3600.0       400        41.36        39.87       0.227333      1.81        1.49        非活跃    
   13       3900.0       400        39.87        38.38       0.227333      1.81        1.49        非活跃    
   14       4200.0       400        38.38        36.90       0.227333      1.81        1.49        非活跃    
   15       4500.0       400        36.90        35.41       0.227333      1.81        1.49         活跃    
   16       4800.0       400        35.41        34.70       0.151556      1.21        0.71         活跃    
   17       5100.0       400        34.70        34.50       0.075778      0.60        0.20        非活跃    
   18       5400.0       400        34.50        34.30       0.075778      0.60        0.20        非活跃    
   19       5700.0       400        34.30        34.10       0.075778      0.60        0.20        非活跃    
   20       6000.0       400        34.10        33.90       0.075778      0.60        0.20        非活跃    
   21       6300.0       400        33.90        33.70       0.075778      0.60        0.20        非活跃    
   22       6600.0       400        33.70        33.49       0.075778      0.60        0.20        非活跃    
   23       6900.0       400        33.49        33.29       0.075778      0.60        0.20        非活跃    
   24       7200.0       400        33.29        33.09       0.075778      0.60        0.20        非活跃    
   25       7500.0       400        33.09        32.89       0.075778      0.60        0.20         活跃    
   26       7800.0       400        32.89        32.89       0.000000      0.00        0.00        非活跃    
   27       8100.0       400        32.89        32.89       0.000000      0.00        0.00        非活跃    
   28       8400.0       400        32.89        32.89       0.000000      0.00        0.00        非活跃    
   29       8700.0       400        32.89        32.89       0.000000      0.00        0.00        非活跃    
   30       9000.0       400        32.89        32.89       0.000000      0.00        0.00        非活跃    
   31       9300.0       400        32.89        32.89       0.000000      0.00        0.00        非活跃    

轮灌组 9
活跃节点: [22, 23, 24]
支管数量: 6

  管段编号      距起点(m)      管径(mm)     起点水头(m)      终点水头(m)      流量(m³/s)    流速(m/s)     水头损失(m)       节点状态   
==============================================================================================================
   0         0.0         500        51.36        50.85       0.227333      1.16        0.51        非活跃    
   1        300.0        500        50.85        50.35       0.227333      1.16        0.51        非活跃    
   2        600.0        500        50.35        49.84       0.227333      1.16        0.51        非活跃    
   3        900.0        500        49.84        49.34       0.227333      1.16        0.51        非活跃    
   4        1200.0       500        49.34        48.83       0.227333      1.16        0.51        非活跃    
   5        1500.0       500        48.83        48.32       0.227333      1.16        0.51        非活跃    
   6        1800.0       500        48.32        47.82       0.227333      1.16        0.51        非活跃    
   7        2100.0       500        47.82        47.31       0.227333      1.16        0.51        非活跃    
   8        2400.0       400        47.31        45.82       0.227333      1.81        1.49        非活跃    
   9        2700.0       400        45.82        44.33       0.227333      1.81        1.49        非活跃    
   10       3000.0       400        44.33        42.85       0.227333      1.81        1.49        非活跃    
   11       3300.0       400        42.85        41.36       0.227333      1.81        1.49        非活跃    
   12       3600.0       400        41.36        39.87       0.227333      1.81        1.49        非活跃    
   13       3900.0       400        39.87        38.38       0.227333      1.81        1.49        非活跃    
   14       4200.0       400        38.38        36.90       0.227333      1.81        1.49        非活跃    
   15       4500.0       400        36.90        35.41       0.227333      1.81        1.49        非活跃    
   16       4800.0       400        35.41        33.92       0.227333      1.81        1.49        非活跃    
   17       5100.0       400        33.92        32.43       0.227333      1.81        1.49        非活跃    
   18       5400.0       400        32.43        30.95       0.227333      1.81        1.49        非活跃    
   19       5700.0       400        30.95        29.46       0.227333      1.81        1.49        非活跃    
   20       6000.0       400        29.46        27.97       0.227333      1.81        1.49        非活跃    
   21       6300.0       400        27.97        26.48       0.227333      1.81        1.49        非活跃    
   22       6600.0       400        26.48        25.00       0.227333      1.81        1.49         活跃    
   23       6900.0       400        25.00        24.29       0.151556      1.21        0.71         活跃    
   24       7200.0       400        24.29        24.09       0.075778      0.60        0.20         活跃    
   25       7500.0       400        24.09        24.09       0.000000      0.00        0.00        非活跃    
   26       7800.0       400        24.09        24.09       0.000000      0.00        0.00        非活跃    
   27       8100.0       400        24.09        24.09       0.000000      0.00        0.00        非活跃    
   28       8400.0       400        24.09        24.09       0.000000      0.00        0.00        非活跃    
   29       8700.0       400        24.09        24.09       0.000000      0.00        0.00        非活跃    
   30       9000.0       400        24.09        24.09       0.000000      0.00        0.00        非活跃    
   31       9300.0       400        24.09        24.09       0.000000      0.00        0.00        非活跃    

轮灌组 10
活跃节点: [19, 20, 21]
支管数量: 6

  管段编号      距起点(m)      管径(mm)     起点水头(m)      终点水头(m)      流量(m³/s)    流速(m/s)     水头损失(m)       节点状态   
==============================================================================================================
   0         0.0         500        51.36        50.85       0.227333      1.16        0.51        非活跃    
   1        300.0        500        50.85        50.35       0.227333      1.16        0.51        非活跃    
   2        600.0        500        50.35        49.84       0.227333      1.16        0.51        非活跃    
   3        900.0        500        49.84        49.34       0.227333      1.16        0.51        非活跃    
   4        1200.0       500        49.34        48.83       0.227333      1.16        0.51        非活跃    
   5        1500.0       500        48.83        48.32       0.227333      1.16        0.51        非活跃    
   6        1800.0       500        48.32        47.82       0.227333      1.16        0.51        非活跃    
   7        2100.0       500        47.82        47.31       0.227333      1.16        0.51        非活跃    
   8        2400.0       400        47.31        45.82       0.227333      1.81        1.49        非活跃    
   9        2700.0       400        45.82        44.33       0.227333      1.81        1.49        非活跃    
   10       3000.0       400        44.33        42.85       0.227333      1.81        1.49        非活跃    
   11       3300.0       400        42.85        41.36       0.227333      1.81        1.49        非活跃    
   12       3600.0       400        41.36        39.87       0.227333      1.81        1.49        非活跃    
   13       3900.0       400        39.87        38.38       0.227333      1.81        1.49        非活跃    
   14       4200.0       400        38.38        36.90       0.227333      1.81        1.49        非活跃    
   15       4500.0       400        36.90        35.41       0.227333      1.81        1.49        非活跃    
   16       4800.0       400        35.41        33.92       0.227333      1.81        1.49        非活跃    
   17       5100.0       400        33.92        32.43       0.227333      1.81        1.49        非活跃    
   18       5400.0       400        32.43        30.95       0.227333      1.81        1.49        非活跃    
   19       5700.0       400        30.95        29.46       0.227333      1.81        1.49         活跃    
   20       6000.0       400        29.46        28.75       0.151556      1.21        0.71         活跃    
   21       6300.0       400        28.75        28.55       0.075778      0.60        0.20         活跃    
   22       6600.0       400        28.55        28.55       0.000000      0.00        0.00        非活跃    
   23       6900.0       400        28.55        28.55       0.000000      0.00        0.00        非活跃    
   24       7200.0       400        28.55        28.55       0.000000      0.00        0.00        非活跃    
   25       7500.0       400        28.55        28.55       0.000000      0.00        0.00        非活跃    
   26       7800.0       400        28.55        28.55       0.000000      0.00        0.00        非活跃    
   27       8100.0       400        28.55        28.55       0.000000      0.00        0.00        非活跃    
   28       8400.0       400        28.55        28.55       0.000000      0.00        0.00        非活跃    
   29       8700.0       400        28.55        28.55       0.000000      0.00        0.00        非活跃    
   30       9000.0       400        28.55        28.55       0.000000      0.00        0.00        非活跃    
   31       9300.0       400        28.55        28.55       0.000000      0.00        0.00        非活跃    

轮灌组 11 (特殊组)
活跃节点: [17, 18]
支管数量: 4

  管段编号      距起点(m)      管径(mm)     起点水头(m)      终点水头(m)      流量(m³/s)    流速(m/s)     水头损失(m)       节点状态   
==============================================================================================================
   0         0.0         500        51.36        51.12       0.151556      0.77        0.24        非活跃    
   1        300.0        500        51.12        50.88       0.151556      0.77        0.24        非活跃    
   2        600.0        500        50.88        50.64       0.151556      0.77        0.24        非活跃    
   3        900.0        500        50.64        50.39       0.151556      0.77        0.24        非活跃    
   4        1200.0       500        50.39        50.15       0.151556      0.77        0.24        非活跃    
   5        1500.0       500        50.15        49.91       0.151556      0.77        0.24        非活跃    
   6        1800.0       500        49.91        49.67       0.151556      0.77        0.24        非活跃    
   7        2100.0       500        49.67        49.43       0.151556      0.77        0.24        非活跃    
   8        2400.0       400        49.43        48.72       0.151556      1.21        0.71        非活跃    
   9        2700.0       400        48.72        48.01       0.151556      1.21        0.71        非活跃    
   10       3000.0       400        48.01        47.30       0.151556      1.21        0.71        非活跃    
   11       3300.0       400        47.30        46.59       0.151556      1.21        0.71        非活跃    
   12       3600.0       400        46.59        45.88       0.151556      1.21        0.71        非活跃    
   13       3900.0       400        45.88        45.17       0.151556      1.21        0.71        非活跃    
   14       4200.0       400        45.17        44.46       0.151556      1.21        0.71        非活跃    
   15       4500.0       400        44.46        43.76       0.151556      1.21        0.71        非活跃    
   16       4800.0       400        43.76        43.05       0.151556      1.21        0.71        非活跃    
   17       5100.0       400        43.05        42.34       0.151556      1.21        0.71         活跃    
   18       5400.0       400        42.34        42.14       0.075778      0.60        0.20         活跃    
   19       5700.0       400        42.14        42.14       0.000000      0.00        0.00        非活跃    
   20       6000.0       400        42.14        42.14       0.000000      0.00        0.00        非活跃    
   21       6300.0       400        42.14        42.14       0.000000      0.00        0.00        非活跃    
   22       6600.0       400        42.14        42.14       0.000000      0.00        0.00        非活跃    
   23       6900.0       400        42.14        42.14       0.000000      0.00        0.00        非活跃    
   24       7200.0       400        42.14        42.14       0.000000      0.00        0.00        非活跃    
   25       7500.0       400        42.14        42.14       0.000000      0.00        0.00        非活跃    
   26       7800.0       400        42.14        42.14       0.000000      0.00        0.00        非活跃    
   27       8100.0       400        42.14        42.14       0.000000      0.00        0.00        非活跃    
   28       8400.0       400        42.14        42.14       0.000000      0.00        0.00        非活跃    
   29       8700.0       400        42.14        42.14       0.000000      0.00        0.00        非活跃    
   30       9000.0       400        42.14        42.14       0.000000      0.00        0.00        非活跃    
   31       9300.0       400        42.14        42.14       0.000000      0.00        0.00        非活跃    


