
=== 斗管分段管径配置 ===
节点编号    第一段管径    第二段管径
           (mm)         (mm)
---------------------------------------------
   1          140          140
   2          140          140
   3          140          140
   4          140          140
   5          140          140
   6          140          140
   7          140          140
   8          140          140
   9          140          140
  10          140          140
  11          140          140
  12          140          140
  13          140          140
  14          140          140
  15          160          140
  16          160          140
  17          160          140
  18          160          160
  19          160          160
  20          160          160
  21          160          160
  22          160          160
  23          160          160
---------------------------------------------

=== 轮灌组 1 ===
启用节点: [1, 2, 3, 21, 22, 23]

管段水力参数表:
编号    后端距起点    管径    段前启用状态    流量       流速     水头损失    段前水头压力    压力富裕
         (m)       (mm)                (m³/s)     (m/s)     (m)          (m)         (m)
----------------------------------------------------------------------------------------------------
 0     200.0     500             0.233800    1.19      0.36      50.00     -
 1     600.0     450      *      0.233800    1.47      1.18      49.64      25.84
 2    1000.0     450      *      0.194833    1.23      0.85      48.46      24.66
 3    1400.0     450      *      0.155867    0.98      0.56      47.62      23.82
 4    1800.0     450             0.116900    0.74      0.33      47.05     -
 5    2200.0     450             0.116900    0.74      0.33      46.72     -
 6    2600.0     400             0.116900    0.93      0.59      46.38     -
 7    3000.0     400             0.116900    0.93      0.59      45.80     -
 8    3400.0     400             0.116900    0.93      0.59      45.21     -
 9    3800.0     400             0.116900    0.93      0.59      44.62     -
10    4200.0     400             0.116900    0.93      0.59      44.03     -
11    4600.0     400             0.116900    0.93      0.59      43.44     -
12    5000.0     400             0.116900    0.93      0.59      42.85     -
13    5400.0     400             0.116900    0.93      0.59      42.26     -
14    5800.0     400             0.116900    0.93      0.59      41.67     -
15    6200.0     350             0.116900    1.22      1.12      41.08     -
16    6600.0     350             0.116900    1.22      1.12      39.96     -
17    7000.0     350             0.116900    1.22      1.12      38.84     -
18    7400.0     350             0.116900    1.22      1.12      37.72     -
19    7800.0     350             0.116900    1.22      1.12      36.60     -
20    8200.0     350             0.116900    1.22      1.12      35.48     -
21    8600.0     350      *      0.116900    1.22      1.12      34.36      10.56
22    9000.0     300      *      0.077933    1.10      1.13      33.23       9.43
23    9400.0     300      *      0.038967    0.55      0.32      32.11       8.31

该轮灌组压力统计:
平均压力富裕程度: 17.10 m
压力均方差: 7.72

注: * 表示该管段对应节点在当前轮灌组中启用
----------------------------------------------------------------------------------------------------

=== 轮灌组 2 ===
启用节点: [4, 5, 6, 18, 19, 20]

管段水力参数表:
编号    后端距起点    管径    段前启用状态    流量       流速     水头损失    段前水头压力    压力富裕
         (m)       (mm)                (m³/s)     (m/s)     (m)          (m)         (m)
----------------------------------------------------------------------------------------------------
 0     200.0     500             0.233800    1.19      0.36      50.00     -
 1     600.0     450             0.233800    1.47      1.18      49.64     -
 2    1000.0     450             0.233800    1.47      1.18      48.46     -
 3    1400.0     450             0.233800    1.47      1.18      47.28     -
 4    1800.0     450      *      0.233800    1.47      1.18      46.10      22.30
 5    2200.0     450      *      0.194833    1.23      0.85      44.92      21.12
 6    2600.0     400      *      0.155867    1.24      0.99      44.07      20.27
 7    3000.0     400             0.116900    0.93      0.59      43.08     -
 8    3400.0     400             0.116900    0.93      0.59      42.49     -
 9    3800.0     400             0.116900    0.93      0.59      41.90     -
10    4200.0     400             0.116900    0.93      0.59      41.31     -
11    4600.0     400             0.116900    0.93      0.59      40.72     -
12    5000.0     400             0.116900    0.93      0.59      40.13     -
13    5400.0     400             0.116900    0.93      0.59      39.54     -
14    5800.0     400             0.116900    0.93      0.59      38.95     -
15    6200.0     350             0.116900    1.22      1.12      38.36     -
16    6600.0     350             0.116900    1.22      1.12      37.24     -
17    7000.0     350             0.116900    1.22      1.12      36.12     -
18    7400.0     350      *      0.116900    1.22      1.12      35.00      11.20
19    7800.0     350      *      0.077933    0.81      0.54      33.88      10.08
20    8200.0     350      *      0.038967    0.41      0.15      33.34       9.54
21    8600.0     350             0.000000    0.00      0.00      33.19     -
22    9000.0     300             0.000000    0.00      0.00      33.19     -
23    9400.0     300             0.000000    0.00      0.00      33.19     -

该轮灌组压力统计:
平均压力富裕程度: 15.75 m
压力均方差: 5.53

注: * 表示该管段对应节点在当前轮灌组中启用
----------------------------------------------------------------------------------------------------

=== 轮灌组 3 ===
启用节点: [7, 8, 9, 15, 16, 17]

管段水力参数表:
编号    后端距起点    管径    段前启用状态    流量       流速     水头损失    段前水头压力    压力富裕
         (m)       (mm)                (m³/s)     (m/s)     (m)          (m)         (m)
----------------------------------------------------------------------------------------------------
 0     200.0     500             0.233800    1.19      0.36      50.00     -
 1     600.0     450             0.233800    1.47      1.18      49.64     -
 2    1000.0     450             0.233800    1.47      1.18      48.46     -
 3    1400.0     450             0.233800    1.47      1.18      47.28     -
 4    1800.0     450             0.233800    1.47      1.18      46.10     -
 5    2200.0     450             0.233800    1.47      1.18      44.92     -
 6    2600.0     400             0.233800    1.86      2.09      43.74     -
 7    3000.0     400      *      0.233800    1.86      2.09      41.65      17.85
 8    3400.0     400      *      0.194833    1.55      1.50      39.56      15.76
 9    3800.0     400      *      0.155867    1.24      0.99      38.06      14.26
10    4200.0     400             0.116900    0.93      0.59      37.07     -
11    4600.0     400             0.116900    0.93      0.59      36.48     -
12    5000.0     400             0.116900    0.93      0.59      35.89     -
13    5400.0     400             0.116900    0.93      0.59      35.30     -
14    5800.0     400             0.116900    0.93      0.59      34.71     -
15    6200.0     350      *      0.116900    1.22      1.12      34.12      10.32
16    6600.0     350      *      0.077933    0.81      0.54      33.00       9.20
17    7000.0     350      *      0.038967    0.41      0.15      32.47       8.67
18    7400.0     350             0.000000    0.00      0.00      32.31     -
19    7800.0     350             0.000000    0.00      0.00      32.31     -
20    8200.0     350             0.000000    0.00      0.00      32.31     -
21    8600.0     350             0.000000    0.00      0.00      32.31     -
22    9000.0     300             0.000000    0.00      0.00      32.31     -
23    9400.0     300             0.000000    0.00      0.00      32.31     -

该轮灌组压力统计:
平均压力富裕程度: 12.68 m
压力均方差: 3.47

注: * 表示该管段对应节点在当前轮灌组中启用
----------------------------------------------------------------------------------------------------

=== 轮灌组 4 ===
启用节点: [10, 11, 12, 13, 14]

管段水力参数表:
编号    后端距起点    管径    段前启用状态    流量       流速     水头损失    段前水头压力    压力富裕
         (m)       (mm)                (m³/s)     (m/s)     (m)          (m)         (m)
----------------------------------------------------------------------------------------------------
 0     200.0     500             0.194833    0.99      0.25      50.00     -
 1     600.0     450             0.194833    1.23      0.85      49.75     -
 2    1000.0     450             0.194833    1.23      0.85      48.90     -
 3    1400.0     450             0.194833    1.23      0.85      48.05     -
 4    1800.0     450             0.194833    1.23      0.85      47.20     -
 5    2200.0     450             0.194833    1.23      0.85      46.36     -
 6    2600.0     400             0.194833    1.55      1.50      45.51     -
 7    3000.0     400             0.194833    1.55      1.50      44.02     -
 8    3400.0     400             0.194833    1.55      1.50      42.52     -
 9    3800.0     400             0.194833    1.55      1.50      41.02     -
10    4200.0     400      *      0.194833    1.55      1.50      39.53      15.73
11    4600.0     400      *      0.155867    1.24      0.99      38.03      14.23
12    5000.0     400      *      0.116900    0.93      0.59      37.04      13.24
13    5400.0     400      *      0.077933    0.62      0.28      36.45      12.65
14    5800.0     400      *      0.038967    0.31      0.08      36.17      12.37
15    6200.0     350             0.000000    0.00      0.00      36.09     -
16    6600.0     350             0.000000    0.00      0.00      36.09     -
17    7000.0     350             0.000000    0.00      0.00      36.09     -
18    7400.0     350             0.000000    0.00      0.00      36.09     -
19    7800.0     350             0.000000    0.00      0.00      36.09     -
20    8200.0     350             0.000000    0.00      0.00      36.09     -
21    8600.0     350             0.000000    0.00      0.00      36.09     -
22    9000.0     300             0.000000    0.00      0.00      36.09     -
23    9400.0     300             0.000000    0.00      0.00      36.09     -

该轮灌组压力统计:
平均压力富裕程度: 13.64 m
压力均方差: 1.22

注: * 表示该管段对应节点在当前轮灌组中启用
----------------------------------------------------------------------------------------------------

=== 全局压力统计 ===
系统整体平均压力富裕程度: 14.84 m
系统整体压力均方差: 5.49
---------------------------------------------

=== 系统总体信息 ===
系统总成本: 6636199.50 元
灌溉面积: 7680000.0 m²
单位面积成本: 0.86 元/m²
总轮灌组数: 4
管网总长度: 9400.0 m
